31 0.259765625 0.17419444444444443 0.07291666666666667 0.11458333333333333
31 0.8587239583333334 0.3709537037037037 0.0703125 0.13078703703703703
31 0.879234375 0.6799814814814815 0.06966145833333333 0.14699074074074073
23 0.17823958333333334 0.15998148148148147 0.03935416666666667 0.05452777777777778
23 0.11776562500000001 0.03651851851851852 0.029515625 0.06687037037037037
23 0.7609947916666666 0.5874444444444445 0.04051041666666667 0.08641666666666667
23 0.8020833333333334 0.4480462962962963 0.0335625 0.0730462962962963
23 0.9403958333333333 0.32252777777777775 0.03472395833333333 0.08538888888888889
11 0.44676041666666666 0.06533333333333334 0.03125 0.08127777777777778
23 0.45688541666666665 0.020064814814814817 0.021411458333333334 0.04012037037037037
5 0.6324427083333333 0.05092592592592592 0.04761979166666667 0.10185185185185185
5 0.6413697916666667 0.2959629629629629 0.040177083333333335 0.10780555555555556