30 0.8313802083333334 0.16146296296296295 0.053385416666666664 0.08680555555555555
30 0.8662135416666668 0.11863888888888889 0.044921875 0.07291666666666667
30 0.8958333333333334 0.07118518518518518 0.049479166666666664 0.07523148148148148
31 0.8141302083333334 0.3263888888888889 0.07096354166666667 0.13657407407407407
22 0.44433854166666664 0.11169444444444444 0.021484375 0.052083333333333336
22 0.22754166666666667 0.054981481481481485 0.021484375 0.047453703703703706
23 0.6510416666666666 0.269037037037037 0.0289375 0.06892592592592592
23 0.7450833333333333 0.29577777777777775 0.028354166666666666 0.07099074074074074
23 0.5752291666666667 0.20936111111111114 0.025463541666666666 0.06687037037037037
23 0.8793385416666666 0.25257407407407406 0.03877083333333333 0.05452777777777778
31 0.6846041666666667 0.1394074074074074 0.05439583333333333 0.08538888888888889