18 0.5807291666666666 0.3773148148148148 0.041666666666666664 0.08178703703703703
18 0.650609375 0.6766944444444445 0.0546875 0.0941388888888889
18 0.5911458333333334 0.26080555555555557 0.041666666666666664 0.058638888888888886
18 0.6397552083333333 0.1412037037037037 0.03472395833333333 0.06018518518518518
20 0.7782135416666667 0.6666666666666666 0.04253645833333333 0.08641666666666667
19 0.7526041666666666 0.5509259259259259 0.036458333333333336 0.08641666666666667
27 0.16970312499999998 0.6072500000000001 0.0859375 0.12808333333333335
27 0.21831770833333333 0.7453703703703703 0.07725520833333334 0.16358333333333333
19 0.931859375 0.28935185185185186 0.040796874999999996 0.07252777777777777
19 0.9778645833333334 0.2515462962962963 0.037328125000000004 0.07715740740740741
28 0.25390625 0.17978703703703702 0.07552083333333333 0.11574074074074074