0 0.5755052083333333 0.23283333333333334 0.05419270833333333 0.06658333333333333
15 0.5804322916666667 0.3270925925925926 0.08477604166666668 0.09769444444444444
0 0.583703125 0.04894444444444444 0.040921874999999996 0.06084259259259259
0 0.5755052083333333 0.23283333333333334 0.05419270833333333 0.06658333333333333
15 0.5804322916666667 0.3270925925925926 0.08477604166666668 0.09769444444444444
0 0.5755052083333333 0.23283333333333334 0.05419270833333333 0.06658333333333333
15 0.5804322916666667 0.3270925925925926 0.08477604166666668 0.09769444444444444
0 0.5755052083333333 0.23283333333333334 0.05419270833333333 0.06658333333333333
15 0.5804322916666667 0.3270925925925926 0.08477604166666668 0.09769444444444444
0 0.5755052083333333 0.23283333333333334 0.05419270833333333 0.06658333333333333
15 0.5804322916666667 0.3270925925925926 0.08477604166666668 0.09769444444444444
0 0.5755052083333333 0.23283333333333334 0.05419270833333333 0.06658333333333333
15 0.5804322916666667 0.3270925925925926 0.08477604166666668 0.09769444444444444